20 20
190 194 349 127 259 330 266 353 211 181 169 394 372 271 218 380 305 5 19 282
47 40 140 160 99 338 388 238 174 116 304 107 232 254 106 73 366 69 93 120
162 14 359 54 91 130 178 94 15 308 72 367 193 315 49 351 71 392 242 390
212 64 67 154 147 326 274 221 370 313 375 335 311 1 51 352 236 377 320 102
391 268 87 362 314 203 310 141 272 159 206 16 103 301 98 318 202 121 205 204
299 292 374 233 393 83 302 167 118 165 344 260 177 155 249 142 145 256 340 117
79 244 291 382 286 22 24 111 138 228 80 60 275 88 74 246 319 39 343 157
75 379 296 92 108 361 229 368 230 57 283 90 223 231 149 273 197 235 219 297
133 332 395 176 105 224 270 95 386 253 56 151 38 183 288 125 336 112 317 146
209 123 261 188 333 199 337 360 185 124 189 153 9 114 104 27 168 143 62 201
350 110 78 85 113 216 191 77 303 97 239 33 245 156 240 316 284 323 257 369
289 173 196 376 136 293 192 37 34 184 42 50 241 32 331 84 298 187 373 339
48 195 186 30 295 82 328 11 290 137 131 227 132 44 25 170 26 214 2 348
346 45 161 378 325 36 101 61 53 306 357 89 285 355 358 8 307 171 23 29
152 250 277 294 327 381 345 237 163 281 397 3 243 262 287 342 52 58 220 7
200 222 21 150 356 76 66 4 396 365 115 28 280 354 263 341 81 334 309 55
269 86 166 324 210 134 182 207 389 128 119 329 247 35 399 364 347 252 384 46
264 278 265 387 251 255 312 300 59 122 139 234 126 208 226 65 41 383 43 172
164 321 276 144 398 6 13 17 322 279 10 20 129 215 225 258 18 198 213 70
363 267 158 135 100 248 371 179 217 175 31 385 96 148 63 68 109 12 180 400
200
